0 345 327 534 429 307 408 214 295 192 453 428 354 574 177 476 
345 0 143 191 326 309 366 375 181 179 273 108 440 233 226 234
327 143 0 289 456 411 486 435 294 136 413 245 532 288 284 337
534 191 289 0 380 425 442 529 307 368 295 120 557 90 396 219
429 326 456 380 0 132 69 273 169 404 90 280 214 467 259 169
307 309 411 425 132 0 102 142 129 324 192 308 134 503 154 253
408 366 486 442 69 102 0 227 192 415 159 335 147 527 252 236
214 375 435 529 273 142 227 0 228 392 145 123 435 253 343 66
295 181 294 307 169 129 192 228 0 235 162 188 262 380 119 183
192 179 136 368 404 324 415 392 235 0 387 283 429 393 176 378
453 273 413 295 90 192 159 145 162 387 0 205 298 384 276 79
428 108 245 120 280 308 335 123 188 283 205 0 441 196 279 145
354 440 532 557 214 134 147 435 262 429 298 441 0 637 253 370
574 233 288 90 467 503 527 253 380 393 384 196 637 0 454 309
177 226 284 396 259 154 252 343 119 176 276 279 253 454 0 301
476 234 337 219 169 253 236 66 183 378 79 145  370 309 301 0

//bialystok - bydgoszcz - gdansk - Gorzow wielkopolski - katowice - kielce - krakow - lublin - lodz - olsztyn - opole - poznan - rzeszow - szczecin - warszawa - wroclaw 